<?xml version="1.0"?>
<opencv_storage>
<calibrationDate>"Thu 11 Nov 2021 17:34:35 GMT"</calibrationDate>
<framesCount>29</framesCount>
<cameraResolution>
  1280 1024</cameraResolution>
<cameraMatrix type_id="opencv-matrix">
  <rows>3</rows>
  <cols>3</cols>
  <dt>d</dt>
  <data>
    9.3012007264063072e+02 0. 7.0226810811512655e+02 0.
    9.3012007264063072e+02 4.7705847029705535e+02 0. 0. 1.</data></cameraMatrix>
<cameraMatrix_std_dev type_id="opencv-matrix">
  <rows>4</rows>
  <cols>1</cols>
  <dt>d</dt>
  <data>
    0. 1.4841088432691212e+01 4.7206079728271524e+00
    4.2203301535161479e+00</data></cameraMatrix_std_dev>
<dist_coeffs type_id="opencv-matrix">
  <rows>1</rows>
  <cols>5</cols>
  <dt>d</dt>
  <data>
    -9.2701468925095482e-02 2.9255285923072902e-02
    -7.9310903187861364e-03 1.1943725785898814e-02 0.</data></dist_coeffs>
<dist_coeffs_std_dev type_id="opencv-matrix">
  <rows>5</rows>
  <cols>1</cols>
  <dt>d</dt>
  <data>
    4.4573481761620787e-03 4.5353543208646336e-03 9.4635517516124560e-04
    8.7616716255079267e-04 0.</data></dist_coeffs_std_dev>
<avg_reprojection_error>7.7260806740601118e-01</avg_reprojection_error>
</opencv_storage>
